kinematics:
  shoulder:
    x: 0
    y: 0
    z: 0.1519525331023188
    roll: -0
    pitch: 0
    yaw: 8.769976765632405e-08
  upper_arm:
    x: -0.0002162696553596788
    y: 0
    z: 0
    roll: 1.570680214792628
    pitch: 0
    yaw: -6.665491079650603e-06
  forearm:
    x: -0.2438629606445729
    y: 0
    z: 0
    roll: 0.002399911845003164
    pitch: 0.001375685811887267
    yaw: 1.867610003833818e-05
  wrist_1:
    x: -0.2132449351126606
    y: 0.0007005699195942767
    z: 0.1313150652788628
    roll: 3.136257673391212
    pitch: 3.139550558561896
    yaw: 3.141581347191169
  wrist_2:
    x: 0.000118987047813419
    y: -0.08529525468681862
    z: -5.61068738569829e-06
    roll: 1.570862106390704
    pitch: 0
    yaw: 5.513363275963522e-06
  wrist_3:
    x: -0.0001786406799975423
    y: 0.09211935715945686
    z: -0.0001565312374404895
    roll: 1.569097106439765
    pitch: 3.141592653589793
    yaw: 3.141592480467218
  hash: calib_11132333569514034426